100
# 1691915748 1707110077 1705078007 1705061527 1322263989 113 116 0
# 1691915748 1707640488 1705078007 1705061527 1322272154 114 123 AB
# 1691915748 2121617791 1705078007 1705061527 1322273191 114 121 B
# 879675483 2121617791 1705078007 1705061527 1322273403 116 121 0
# 879685692 1707640519 1707195772 -1 1322281543 110 115 0
# 1654026459 1707640488 1705078007 1705061527 1322408170 104 123 B
# 1691915748 1707640488 1705078007 1705061527 1322409178 114 123 AB
# 1691915748 1707640488 1705078007 1705061527 1322410243 114 123 AB
# 1691915748 1707640488 1705078007 1705061527 1322410875 114 123 0
# 1691915748 2121617791 1705078007 1705061527 1322429189 115 121 0
# 1691915748 1707110077 1705078007 1705061527 1322517960 115 117 0
# 1691915748 1707110077 1705078007 1705061527 1322604923 116 117 0
# 1691915748 1982748451 1705078007 1706986942 1322607617 116 113 AC
# 989525159 1982748451 1 1706986942 1322731716 55 113 AC
# 1654026459 1982748451 1705078007 1706986942 1322753265 28 114 AC
# 1654026459 1982748451 1705078007 1706986942 1322753365 28 114 AC
# 993679738 1982748451 0 1706986942 1322756732 101 114 AC
# 993679738 1982748451 0 1706986942 1322756828 101 114 AC
# 1691915748 2121617791 1705078007 1705061527 1322978817 118 121 0
# 989525159 1982748451 1 1706986942 1323003980 102 115 AC
# 1707640527 1982748451 1707195772 1706986942 1323223521 101 116 AC
# 1707640519 879685692 -1 1707195772 1323278314 121 113 0
# 1660856588 2121617791 -1 1705061527 1323313535 111 121 0
# 1707640527 1707640519 1707195772 -1 1323348491 103 121 0
# 1660856588 2121617791 -1 1705061527 1323406906 112 121 0
# 1678150379 1323118124 0 1706986942 1323444025 110 103 AC
# 1707640527 1982748451 1707195772 1706986942 1323444401 103 116 AC
# 1707640527 1982748451 1707195772 1706986942 1323444818 103 116 AC
# 1707640527 1323118124 1707195772 1706986942 1323445010 103 103 AC
# 993679738 1323118124 1648222946 1706986942 1323446861 104 103 AC
# 993679738 1982748451 1648222946 1706986942 1323447095 104 116 AC
# 1707640519 1323118124 -1 1706986942 1323457167 121 103 AC
# 1707640527 1707640519 1707195772 -1 1323458696 104 121 0
# 1707640527 1691915748 1707195772 1705078007 1323555983 105 121 0
# 1707640527 2121617791 1705078007 1705061527 1323623234 106 121 0
# 1707640527 2121617791 1705078007 1705061527 1323632537 107 121 0
# 1707640527 879685692 1705078007 1707195772 1323635365 107 113 0
# 1707640488 1707640519 1705061527 -1 1323654578 126 121 0
# 1707640488 2121617806 1705061527 1 1323660580 126 120 0
# 1707640519 1707110077 -1 1705061527 1323697257 121 119 0
# 1654026459 2121617791 1705078007 1705061527 1323754814 101 121 0
# 1982748451 413977201 1706986942 1648222946 1323912054 119 118 AC
# 993679738 1982748451 1648222946 1706986942 1323912810 105 119 AC
# 1707110077 1707640519 1705061527 -1 1323953757 120 121 0
# 362914795 879675483 1707195772 1705078007 1324024146 114 121 0
# 1707640519 1707640488 -1 1705061527 1324175969 122 128 0
# 1648722086 1707640519 1707195772 -1 1324178590 114 122 0
# 1707640527 2121617791 1705078007 1705061527 1324230057 109 122 AB
# 879685692 1707640527 1707195772 1705078007 1324232456 102 109 AB
# 879685692 1707640527 1707195772 1705078007 1324232456 102 109 AB
# 879685692 1707640527 1707195772 1705078007 1324232456 102 109 AB
# 879685692 1707640527 1707195772 1705078007 1324232457 102 109 AB
# 879685692 1707640527 1707195772 1705078007 1324232457 102 109 AB
# 879685692 1707640527 1707195772 1705078007 1324232457 102 109 AB
# 879685692 1707640527 1707195772 1705078007 1324232458 102 109 AB
# 879685692 1707640527 1707195772 1705078007 1324232458 102 109 AB
# 1707640527 1707640519 1705078007 -1 1324235844 109 122 0
# 1707640519 2121617791 -1 1705061527 1324236196 122 122 0
# 1648722086 1707640488 1707195772 1705061527 1324441598 115 129 0
# 879685692 1707640527 1707195772 1705078007 1324519407 105 109 AB
# 1707640527 879685692 1705078007 1707195772 1324521040 109 105 0
# 1707640527 2121617806 1705078007 1 1324521501 109 121 0
# 1707640527 2121617791 1705078007 1705061527 1324588934 109 122 0
# 1707640519 2121617791 2 1705061527 1324608026 122 123 0
# 1648722086 2121617791 1707195772 1705061527 1324611044 115 123 0
# 1707640519 2121617791 2 1705061527 1324613735 122 123 0
# 1691915748 1707640488 1705078007 1705061527 1324655370 123 129 AB
# 1707640527 2121617791 1705078007 1705061527 1324671815 109 123 B
# 1707640527 1707110077 1705078007 1705061527 1324672251 109 120 0
# 2121617791 1707640519 1705061527 2 1324757907 123 122 0
# 1707640519 2121617806 2 1 1324780943 122 121 0
# 1707640527 1648722086 1705078007 1707195772 1324840851 110 115 AB
# 1707640527 1648722086 1705078007 1707195772 1324841386 110 115 AB
# 1707640527 1648722086 1705078007 1707195772 1324842291 110 115 AB
# 1648722086 1707640527 1707195772 1705078007 1324842588 115 110 AB
# 1691915748 1707640488 1705078007 1705061527 1324855708 124 130 B
# 1707640488 1691915748 1705061527 1705078007 1324859453 130 124 0
# 1707640527 1707640519 1705078007 2 1324911568 110 122 0
# 1691915748 1707640488 1705078007 1705061527 1325037313 126 130 0
# 400748484 1707110077 1 1705061527 1325513793 101 120 0
# 1707640527 1707110077 1705078007 1705061527 1325514524 123 120 0
# 1648722086 2121617791 1707195772 1705061527 1325829852 118 131 0
# 2121617806 1707640519 1 2 1326077032 128 131 0
# 1707640519 1707110077 2 1705061527 1326403227 131 121 0
# 2121617806 1707640519 1 2 1326431212 129 131 0
# 1691915748 2121617791 1705078007 1705061527 1326689758 132 131 0
# 1691915748 412878140 1705078007 1 1326689950 132 101 0
# 1325001232 1323118124 0 1706986942 1326759226 102 101 AC
# 1325001232 1323118124 0 1706986942 1326759267 102 101 AC
# 1707640519 1323118124 1642103334 1706986942 1326759510 131 101 AC
# 1707640519 1323118124 1642103334 1706986942 1326759651 131 101 AC
# 1707640519 1323118124 1642103334 1706986942 1326759832 131 101 AC
# 1707640519 1323118124 1642103334 1706986942 1326760341 131 101 AC
# 400748484 1982748451 1 1706986942 1328037373 101 122 AC
# 400748484 1323374140 1 1 1328037850 101 105 0
# 1324347186 1707640519 1705078007 1642103334 1328065374 101 132 0
# 989525159 1707640519 2 1642103334 1333983858 101 132 0
# 989525159 1707640519 1705061527 1642103334 1335587993 108 133 0
# 2121617791 1707640519 1705061527 1642103334 1336276137 131 134 B
# 1707640519 989525159 1642103334 1705061527 1336276140 134 111 0
$
